> rcorr(cor.matrix)
gespr8.1 anspr8.2 ofohr8.3 austs8.4 infrm8.5 etwgs8.6 ptner8.7
gespr8.1     1.00     0.72     0.49     0.70     0.67     0.58     0.54
anspr8.2     0.72     1.00     0.58     0.72     0.59     0.55     0.49
ofohr8.3     0.49     0.58     1.00     0.55     0.43     0.42     0.37
austs8.4     0.70     0.72     0.55     1.00     0.66     0.67     0.55
infrm8.5     0.67     0.59     0.43     0.66     1.00     0.63     0.60
etwgs8.6     0.58     0.55     0.42     0.67     0.63     1.00     0.54
ptner8.7     0.54     0.49     0.37     0.55     0.60     0.54     1.00
ausef8.8     0.63     0.57     0.43     0.62     0.72     0.60     0.80
auflt8.9     0.34     0.33     0.32     0.37     0.35     0.32     0.41
mitw8.10     0.44     0.46     0.51     0.47     0.46     0.43     0.44
eamt8.11     0.29     0.34     0.39     0.33     0.29     0.28     0.32
hosp8.12     0.45     0.47     0.49     0.50     0.44     0.43     0.46
pdar8.13     0.55     0.51     0.46     0.57     0.58     0.54     0.53
eins8.14     0.58     0.55     0.46     0.58     0.63     0.56     0.62
besw8.15     0.55     0.59     0.51     0.57     0.54     0.53     0.51
ents8.16     0.49     0.49     0.48     0.52     0.53     0.47     0.50
eazf8.17     0.50     0.48     0.48     0.52     0.50     0.50     0.46
ifpd8.18     0.47     0.44     0.43     0.51     0.50     0.48     0.46
betl8.19     0.46     0.46     0.46     0.49     0.43     0.46     0.40
ausef8.8 auflt8.9 mitw8.10 eamt8.11 hosp8.12 pdar8.13 eins8.14
gespr8.1     0.63     0.34     0.44     0.29     0.45     0.55     0.58
anspr8.2     0.57     0.33     0.46     0.34     0.47     0.51     0.55
ofohr8.3     0.43     0.32     0.51     0.39     0.49     0.46     0.46
austs8.4     0.62     0.37     0.47     0.33     0.50     0.57     0.58
infrm8.5     0.72     0.35     0.46     0.29     0.44     0.58     0.63
etwgs8.6     0.60     0.32     0.43     0.28     0.43     0.54     0.56
ptner8.7     0.80     0.41     0.44     0.32     0.46     0.53     0.62
ausef8.8     1.00     0.44     0.50     0.36     0.52     0.60     0.71
auflt8.9     0.44     1.00     0.41     0.25     0.41     0.34     0.42
mitw8.10     0.50     0.41     1.00     0.59     0.58     0.53     0.53
eamt8.11     0.36     0.25     0.59     1.00     0.61     0.42     0.42
hosp8.12     0.52     0.41     0.58     0.61     1.00     0.54     0.59
pdar8.13     0.60     0.34     0.53     0.42     0.54     1.00     0.71
eins8.14     0.71     0.42     0.53     0.42     0.59     0.71     1.00
besw8.15     0.58     0.38     0.51     0.36     0.52     0.56     0.67
ents8.16     0.57     0.36     0.53     0.39     0.48     0.58     0.65
eazf8.17     0.50     0.34     0.52     0.37     0.47     0.57     0.58
ifpd8.18     0.51     0.33     0.50     0.38     0.45     0.60     0.58
betl8.19     0.45     0.31     0.55     0.40     0.46     0.51     0.49
besw8.15 ents8.16 eazf8.17 ifpd8.18 betl8.19
gespr8.1     0.55     0.49     0.50     0.47     0.46
anspr8.2     0.59     0.49     0.48     0.44     0.46
ofohr8.3     0.51     0.48     0.48     0.43     0.46
austs8.4     0.57     0.52     0.52     0.51     0.49
infrm8.5     0.54     0.53     0.50     0.50     0.43
etwgs8.6     0.53     0.47     0.50     0.48     0.46
ptner8.7     0.51     0.50     0.46     0.46     0.40
ausef8.8     0.58     0.57     0.50     0.51     0.45
auflt8.9     0.38     0.36     0.34     0.33     0.31
mitw8.10     0.51     0.53     0.52     0.50     0.55
eamt8.11     0.36     0.39     0.37     0.38     0.40
hosp8.12     0.52     0.48     0.47     0.45     0.46
pdar8.13     0.56     0.58     0.57     0.60     0.51
eins8.14     0.67     0.65     0.58     0.58     0.49
besw8.15     1.00     0.63     0.55     0.50     0.52
ents8.16     0.63     1.00     0.60     0.57     0.55
eazf8.17     0.55     0.60     1.00     0.73     0.69
ifpd8.18     0.50     0.57     0.73     1.00     0.68
betl8.19     0.52     0.55     0.69     0.68     1.00

n
gespr8.1 anspr8.2 ofohr8.3 austs8.4 infrm8.5 etwgs8.6 ptner8.7
gespr8.1     2579     2548     2401     2544     2548     2216     2416
anspr8.2     2548     2579     2395     2537     2541     2214     2412
ofohr8.3     2401     2395     2579     2392     2396     2108     2286
austs8.4     2544     2537     2392     2579     2541     2213     2408
infrm8.5     2548     2541     2396     2541     2579     2214     2414
etwgs8.6     2216     2214     2108     2213     2214     2579     2134
ptner8.7     2416     2412     2286     2408     2414     2134     2579
ausef8.8     2251     2249     2136     2243     2250     2012     2202
auflt8.9     2526     2520     2377     2519     2521     2196     2401
mitw8.10     2369     2362     2239     2359     2363     2089     2258
eamt8.11     2137     2132     2032     2130     2131     1870     2042
hosp8.12     1889     1888     1811     1888     1885     1706     1836
pdar8.13     2433     2428     2300     2427     2430     2134     2317
eins8.14     2016     2012     1924     2011     2012     1817     1943
besw8.15     2189     2182     2093     2180     2181     1962     2091
ents8.16     2225     2223     2114     2222     2224     1999     2141
eazf8.17     2268     2265     2151     2262     2264     2025     2169
ifpd8.18     2257     2253     2143     2253     2254     2018     2161
betl8.19     2231     2223     2119     2224     2225     1993     2138
ausef8.8 auflt8.9 mitw8.10 eamt8.11 hosp8.12 pdar8.13 eins8.14
gespr8.1     2251     2526     2369     2137     1889     2433     2016
anspr8.2     2249     2520     2362     2132     1888     2428     2012
ofohr8.3     2136     2377     2239     2032     1811     2300     1924
austs8.4     2243     2519     2359     2130     1888     2427     2011
infrm8.5     2250     2521     2363     2131     1885     2430     2012
etwgs8.6     2012     2196     2089     1870     1706     2134     1817
ptner8.7     2202     2401     2258     2042     1836     2317     1943
ausef8.8     2579     2236     2121     1921     1752     2167     1871
auflt8.9     2236     2579     2345     2117     1881     2415     2007
mitw8.10     2121     2345     2579     2037     1829     2278     1924
eamt8.11     1921     2117     2037     2579     1740     2079     1762
hosp8.12     1752     1881     1829     1740     2579     1858     1649
pdar8.13     2167     2415     2278     2079     1858     2579     1988
eins8.14     1871     2007     1924     1762     1649     1988     2579
besw8.15     1963     2166     2061     1877     1698     2120     1824
ents8.16     2022     2208     2121     1920     1724     2158     1821
eazf8.17     2028     2248     2135     1923     1731     2192     1835
ifpd8.18     2024     2237     2134     1920     1726     2187     1830
betl8.19     2003     2215     2110     1911     1720     2167     1813
besw8.15 ents8.16 eazf8.17 ifpd8.18 betl8.19
gespr8.1     2189     2225     2268     2257     2231
anspr8.2     2182     2223     2265     2253     2223
ofohr8.3     2093     2114     2151     2143     2119
austs8.4     2180     2222     2262     2253     2224
infrm8.5     2181     2224     2264     2254     2225
etwgs8.6     1962     1999     2025     2018     1993
ptner8.7     2091     2141     2169     2161     2138
ausef8.8     1963     2022     2028     2024     2003
auflt8.9     2166     2208     2248     2237     2215
mitw8.10     2061     2121     2135     2134     2110
eamt8.11     1877     1920     1923     1920     1911
hosp8.12     1698     1724     1731     1726     1720
pdar8.13     2120     2158     2192     2187     2167
eins8.14     1824     1821     1835     1830     1813
besw8.15     2579     1996     1994     1984     1965
ents8.16     1996     2579     2035     2031     2014
eazf8.17     1994     2035     2579     2214     2192
ifpd8.18     1984     2031     2214     2579     2185
betl8.19     1965     2014     2192     2185     2579

P
gespr8.1 anspr8.2 ofohr8.3 austs8.4 infrm8.5 etwgs8.6 ptner8.7
gespr8.1           0        0        0        0        0        0      
anspr8.2  0                 0        0        0        0        0      
ofohr8.3  0        0                 0        0        0        0      
austs8.4  0        0        0                 0        0        0      
infrm8.5  0        0        0        0                 0        0      
etwgs8.6  0        0        0        0        0                 0      
ptner8.7  0        0        0        0        0        0               
ausef8.8  0        0        0        0        0        0        0      
auflt8.9  0        0        0        0        0        0        0      
mitw8.10  0        0        0        0        0        0        0      
eamt8.11  0        0        0        0        0        0        0      
hosp8.12  0        0        0        0        0        0        0      
pdar8.13  0        0        0        0        0        0        0      
eins8.14  0        0        0        0        0        0        0      
besw8.15  0        0        0        0        0        0        0      
ents8.16  0        0        0        0        0        0        0      
eazf8.17  0        0        0        0        0        0        0      
ifpd8.18  0        0        0        0        0        0        0      
betl8.19  0        0        0        0        0        0        0      
ausef8.8 auflt8.9 mitw8.10 eamt8.11 hosp8.12 pdar8.13 eins8.14
gespr8.1  0        0        0        0        0        0        0      
anspr8.2  0        0        0        0        0        0        0      
ofohr8.3  0        0        0        0        0        0        0      
austs8.4  0        0        0        0        0        0        0      
infrm8.5  0        0        0        0        0        0        0      
etwgs8.6  0        0        0        0        0        0        0      
ptner8.7  0        0        0        0        0        0        0      
ausef8.8           0        0        0        0        0        0      
auflt8.9  0                 0        0        0        0        0      
mitw8.10  0        0                 0        0        0        0      
eamt8.11  0        0        0                 0        0        0      
hosp8.12  0        0        0        0                 0        0      
pdar8.13  0        0        0        0        0                 0      
eins8.14  0        0        0        0        0        0               
besw8.15  0        0        0        0        0        0        0      
ents8.16  0        0        0        0        0        0        0      
eazf8.17  0        0        0        0        0        0        0      
ifpd8.18  0        0        0        0        0        0        0      
betl8.19  0        0        0        0        0        0        0      
besw8.15 ents8.16 eazf8.17 ifpd8.18 betl8.19
gespr8.1  0        0        0        0        0      
anspr8.2  0        0        0        0        0      
ofohr8.3  0        0        0        0        0      
austs8.4  0        0        0        0        0      
infrm8.5  0        0        0        0        0      
etwgs8.6  0        0        0        0        0      
ptner8.7  0        0        0        0        0      
ausef8.8  0        0        0        0        0      
auflt8.9  0        0        0        0        0      
mitw8.10  0        0        0        0        0      
eamt8.11  0        0        0        0        0      
hosp8.12  0        0        0        0        0      
pdar8.13  0        0        0        0        0      
eins8.14  0        0        0        0        0      
besw8.15           0        0        0        0      
ents8.16  0                 0        0        0      
eazf8.17  0        0                 0        0      
ifpd8.18  0        0        0                 0      
betl8.19  0        0        0        0               


